INDEX AUCTORUM.

 

Achaei 182, 31.

Achaeus tragicus 196, 20.

Adrastus grammaticus 195, 25.

AElianus 176, 18. ἐν
νοῖας 59, 28.
261, 1.

AEolica dialectus 15, 6 et 26.
32, 8 et 18. 44, 27 et31. 46,
25. 62, 20. 63, 3. 71, 19. 76,
6. 96, 7. 97, 9. 142, 3. 159,
28. 183,9. 189, 21. 200,31.
218, 18. 220, 33. 229, 20.

AEschines 172, 28.

AEschylus 12, 14. 24, 31. 61, 6
et 18. 63. 21. 262, 23.

ἐν Ἀγαμέμνονι 23, 13.

— Προμηθεῖ 14, 5.

- Σισύφῳ 35, 21.

— Χοηφόροις 56, 6.

Agapetus 195, 24.

Agathias ἐν τῷ εἷς Εὗστείθιον ἐπι-
γράμματι 84, 15.

Albinus (Cod. male Ἀλκῒνος) 196,

Alcaeus 8, 16. 36, 1. 56, 4. 61,
3. 69, 8. 192, 10.

Alcman 63, 13 et 15. 84, 18.
181, 26.

Alexander Aphrodisiensis 196, 3.

Trallianus 196, 4.

Alexandrinorum tlialectus 247,21.

Alexion 21, 15. 52, 28. 61, 1.
179, 30. 180, 15 0117. 181,
28. 183, 17. 186, 2. 188,33.
189,10 0114. 190, 11. 191,
26. 193, 13, 17, 21 01 26.

Alexis comicus 196, 17.

Anacreon 84, 28. 226, 17. 376,
11 et seq.

Anaxandrides ἐν Ἠλείοις

ἐν Φαρμακομάντει 12, 32.

Anaximenes 197, 3.

τῷ περὶ προ-
ἐν τῷ περὶ ζώων

 

12, 33.

Andronicus ἐν ὑπομνήματι εἷς ’0812oe-
σεῖαν 74, 9.

Anonymus poeta 6, 1001 12. 8, 2
016. 16, 2 0114. 36,15. 53,
12 et 19. 54,130117. 56,
32· 74,7- 77, 8- 87, 29· 89.
26. 98, 27. 103, 12. 113,34.

137, 33. 145, 29. 198, 30.
236, 10 et 12. 412, 33. 420,
15.

Antimachus 53, 32. 65, 18.

Antiphanes Κιθαρῳδῷ 18, 4.

Antipho 106, 28.

Antonius philosophus 197, 1 1.

Antyllus 196, 5.

Aphthonius 260, 16 et 26.

Apion 74, 27. 175, 18 0130. 176,
3. 191, 17.

Apollodorus 7, 29. 35, 18. 45,
20. 53, 9. 76, 15. 184, 1.
191, 18.

Apollonius ὅ τὰ Ἀργοναυτικὰ 7, 15.
13, 27. 16, 2. 66, 2. 189, 20.
non nomin. 63, 34.

ὅ Ἀρχιβίου 60, 7.186,

32. 188, 19.

grammaticus 15, 27.
71, 23.188,33.191, 11.193,
10 01 15. '
23 1, 6.

Apollophanes 94, 32.

Appianus ὅ ἱστορικὸς 176, 28.

Aratus 186, 2. 11011 nomin. 192,
12.

Archias 61, 1. 179, 30. 193, 15.

Archigenes 196, 2. 404, 26.

Archilochi Scholiasta ἐν ὑπομνῆ,
ματι ἐπῳδῶν Ἀρχιλόχου 55, 16.

Archilochus 61, 27. 76, 30. 84,
1 1. 183, 2 1.

Archimedes 420, 16.

Archytas 282, 19.

3 L 2

 

 

ὁ ὃυσκολος 195, 23. .

