446

20. 60, 1. 83, 28. 84, 9 et
23. 86 passim. 100,35. 103,
4. 110, 20. 116, 5. 151‚9.
156, 15. 166, 33. 168, 29.
181, 1. 226, 10, 20 et 33.
246, 11. 247, 12. 250, 9.
255, 3. 261, 16. 396, 13.
402, 13. 403, 10. 414, 20.
421, 29. 423, 17.

Hyperides 89, 17. 167, 2. 172,
27· 394232·

lamblichus 284, 18. 318, 26.

Ibycus 61, 23.

Joannes Charax 195, 25.

Joannes Damascenus 153, 25.

Ion tragicus 196, 20.

Ionica dialectus 19, 11, 13 et 15.
2434. 26, 6. 38, 29. 55, 12.
67,11 et 18. 68, 5. 69, 1.
86, 22ξῒ 911871122616771η 33·
219, 20. 221, 17. 222, 6.

Isaeus 108, 21. 168, 35.

ἐν τῇ ὑπὲρ Εὗμαθους 169, 1.

Isocrates 94, 31. 167, 6. 199,
22.

ἐν τῷ κατὰ τῶν σοφιστῶν 172, 3.
173, 31. 180, 5.

Itali 190, 8. 198, 8.

Laconum dialectus 84, 34 et 35.

Libanius 247, 3. 253, 34. 256,
7. 257, 25. 258, 27. 259,
13. 260, 7. 312, 18.

Longinus 99, 6.

Lucianus 254, 28. 256‚5 et 16. ἐν

258, 28.
Lycophron 53, 21. 55, 7 et 27.
66, 27. 88, 2.114,32.257‚4.
Lycurgus ἐν
168, 34.
Lycus Neapolitanus 174, 18.
Lysias 93, 3. 102, 25. 172, 22.
173, 28.
Macedonum dialectus 32, 24.
38,24. 85,11. 181,13.
Marinus 420, 8.
Marcus Antoninus 106, 19.
Menas historicus 195, 32.
Methodius 197, 18.
Mimnermus 196, 28.

τῷ κατὰ, Λυκόφρῡνος

INDEX AUCTORUM.

Menander 248, 9. 374, 18. 418.
20 et 23.

Nicander 10, 5. 65, 12.

ἐν Θηριακοῖς 53, 24. 72, 3.

Nicostratus 114, 10.

Oppianus 182, 30.

Origenes grammaticus 12, 24.
195, 24.

Orion 4, 19. 10, 12. 15, 27.

Orus 64, 9 et 26. 65, 6. 66, 9.
71, 7 et 16. 74, 12 et 16.
79» 3 et 9·

Parthenius 60, 22. 191, 26.

Pherecrates 104, 29. 113, 24.

Pherecydes 183, 22.

Philagrius 196, 3.

Philemon 196, 18.

Philetas 196, 28.

Philippides comicus 196, 18.

Philippus Macedo ἐν ἐπιστολῇ 91,

Philippus historicus ὁ Θεαγγελεὶς
195, 31. 197, 2.

Ρ11110 199, 15.

Philochorus 93, 15.

Philodorus 77, 27.

Philoponus 195, 24.

Philostratus 312, 8.

Philoxenus 21, 17. 33, 26. 38,
9. 52, 28. 77, 3. 179, 3 et
11. 184, 22. 185, 2 et 5.
186, 22 et 26. 188, 27. 193,
15 et 26.

ἐν τῷ περὶ ὰιαδιπλασιασμῡῧ 60, 6.

τῷ περὶ μενοσυλλάβων ῥημάτων

187, 9. 188, 14.

philumenus 196, 4.

Pindarus 15, 30. 35, 24. 166, 8.
16ἑ, 267. 169, 13. 194, 7.
22 ,1 .

Pisander 196, 15.

Pisides 86, 20.

Plato 84, 13. 92, 3. 112, 5.
113,12. 150, 4. 153, 27.
165,11. 168, 35. 173, 22.
257, 19. 259, 32. 260, 29.
261, 31. 320. 21. 390, 9.
397, 3²· 398, 24. 401, 8.
402, 24. 406, 30. 407, 22.
410113· 4¹3· ¹¹· 4¹9» ¹7·

